1024   2389   1842   1406   894    1136   734    1229   1153   1177   1230   1141   1223   1156   1040   1140   1121   
2048   3745   2935   2356   2336   1435   1667   1747   1990   1818   1827   1826   1446   1014   1447   1891   1926   
3072   4365   4365   3866   3249   3085   3208   2774   2804   2728   2780   2753   2312   2487   2321   2388   2343   
4096   8154   5339   2404   4187   4047   3864   3858   3787   3212   2389   2909   3419   1329   1403   3458   3278   
5120   9700   6775   5543   5297   4925   4479   4408   4099   4261   2846   4118   4086   3973   4018   4063   3997   
6144   11144  7456   6427   6123   4752   5726   5100   5123   4806   3280   4719   4765   4642   4565   4597   2170   
7168   10543  8646   7280   7005   6307   5914   5942   5514   5706   5334   5585   5244   5603   5255   5294   4375   
8192   15006  10101  8296   7325   7072   3241   6306   6697   6028   6397   6052   5879   5717   6201   6036   5034   
9216   16399  10541  9113   8663   8086   8104   7559   7315   7269   6902   6863   3419   5005   6913   6811   6469   
10240  18461  12249  10685  9247   8557   8129   7506   8338   7826   7854   6940   7616   6972   7137   7422   6797   
11264  19793  7618   10865  9712   9798   8618   8454   8340   8387   8520   7899   7862   7997   8092   7696   7895   
12288  17966  14039  12079  9341   10284  10139  8936   4559   7742   8838   8690   8989   8114   8789   8727   7783   
13312  22901  15342  13113  12228  10237  10096  10184  9789   9283   9739   8768   9425   9057   5786   8956   8588   
14336  24617  16800  13945  12949  11835  10906  10934  10007  10600  9713   10191  10048  9959   9735   9304   9332   
15360  26709  18079  8462   12215  12067  11854  11377  10886  10635  10845  10113  10377  10437  10518  10719  9758   
16384  25494  18882  15979  14080  13257  12385  12133  11774  8691   11011  11258  9562   10320  9985   10706  11270  
17408  28216  20218  15879  15054  13785  12884  13092  12124  12340  11564  12192  11508  11765  7100   10901  10998  
18432  29457  21031  16918  16137  14674  13491  13138  12376  12836  12557  12501  11985  12174  12005  11755  12064  
19456  30866  22036  11115  14969  15514  14763  14070  13756  12706  13286  13088  12516  12640  12486  12806  12307  
20480  31966  23054  19173  17533  16507  15459  15012  7659   12698  14014  14129  13443  13406  13072  13114  12513  
21504  33077  24099  20168  18500  16155  16374  15650  14270  14462  14322  14205  14038  6542   12701  13582  12947  
22528  34755  23882  20861  18942  17315  16668  16328  15870  15170  14976  14249  14074  14354  14478  14020  13426  
23552  35543  15307  19608  19564  18158  17333  17098  15432  16193  15380  14489  14842  15196  14957  10714  8957   
24576  30565  23890  21143  20290  17816  18160  8854   16237  16341  15583  16133  16206  15929  15650  15706  14885  
25600  38704  28111  22917  21035  19146  18439  17941  17590  16997  16758  17144  8675   14090  16251  16166  15869  
26624  40338  27453  24245  21287  20315  19009  18238  18068  17447  17626  17370  17196  17075  16476  16591  15907  
27648  29836  26820  18353  22017  20148  19669  19209  17488  18168  17465  17710  17706  17478  17324  17211  17193  
28672  42092  30180  25553  23290  12040  19612  19993  19406  18875  17813  18339  18011  17917  17900  18149  16833  
29696  44120  31536  26020  24276  22369  20836  20499  20020  19283  13118  18552  17079  18277  18694  17971  17305  
30720  44799  32173  27623  25232  23210  21775  21664  20828  20363  19920  19823  19471  18512  9392   15968  17799  
31744  46174  33078  28603  25320  23584  22765  21908  21412  20809  19524  20236  19887  20059  19506  18741  18933  
32768  44811  28348  24835  26072  24348  23555  22318  22422  20525  20834  20938  20519  20490  19875  19816  20035  
33792  46698  32177  29436  26956  24458  24165  15676  23104  22002  22063  20739  21013  20404  20684  20499  20589  
34816  47725  35546  30510  27092  25437  22439  22953  23160  21836  21985  14574  20261  18903  20669  20886  20740  
35840  45293  36317  30974  28168  25300  24619  24839  23056  23208  22925  21856  21468  21726  21160  11287  19103  
36864  47376  36303  30935  26701  27340  24297  24864  21947  23646  22464  23000  21788  23091  21310  21730  20141  
37888  48124  35081  18467  25206  26646  24430  24823  23200  23805  22042  23429  21363  22852  20906  22237  20732  
38912  50580  37226  33774  29445  28899  26747  21372  20522  25151  23089  23716  22775  23769  22049  23050  22245  
39936  52333  39115  34328  29184  27470  27202  26196  25804  24552  24181  24921  18727  23774  20815  23616  22515  
40960  45557  40148  32660  32029  29051  28292  25868  26543  26082  26071  24512  25076  24694  23830  23942  17066  
41984  54604  40522  35767  31023  28586  28109  27845  26248  26176  26153  25137  24887  24026  24373  23407  24260  
43008  51224  40840  23862  30974  30008  27542  27015  28529  24626  26121  13215  17704  22752  20018  24639  23858  
44032  53106  42755  37653  32267  30496  29374  26151  22331  27037  26664  25356  26095  25936  25393  24710  25075  
45056  55606  43838  36895  34469  31983  28857  28877  28104  26953  26923  14170  24633  26772  25947  25936  24260  
46080  56620  42495  38366  33796  32460  31030  29038  28655  28362  27838  27217  27773  26540  26276  16796  23448  
47104  55026  43854  37546  34423  32989  31626  30817  29674  28720  28038  27017  28035  26104  26596  26664  24117  
48128  54428  37758  36501  36437  33624  31490  29544  28736  29169  28578  27821  26924  28244  27634  27595  26766  
49152  55636  46619  40668  35106  33269  24093  29863  30360  29881  29358  29212  28369  28739  27787  27812  26147  
50176  55713  46649  39967  36129  33813  32901  32010  30185  18220  27300  28447  29456  29272  27583  27914  27055  
51200  51668  48928  40666  37937  35504  33369  32315  30132  30999  28145  29357  27432  26286  28745  28444  28248  
52224  58064  49564  42856  38822  35128  34280  31821  31721  30931  29166  29988  29129  30071  28111  29306  21001  
53248  55235  47619  39689  39420  36808  35102  32884  32793  32098  31087  31041  30753  30388  29533  29278  29286  
54272  58753  49092  31855  39594  35960  34066  34080  32593  30691  31210  31219  29849  30821  30975  18040  29183  
55296  56483  45656  34163  39278  37918  20915  31612  34051  32930  32043  32053  31311  30954  28811  29683  25238  
56320  58711  50354  44111  40346  39136  36171  35336  33763  32398  27707  31811  31201  34765  30566  29756  30386  
57344  62294  50970  45327  41640  37839  37136  35814  34616  32997  33268  32662  32088  21260  31511  31143  30693  
58368  55220  46109  45037  39037  39435  35658  36330  34727  34948  33375  33189  32603  32365  32541  31956  21210  
59392  60137  52196  45849  41245  38419  36640  35571  35756  33787  33693  32926  33387  31799  31829  31736  32022  
60416  60902  53044  37431  39740  36888  37784  36478  35021  35343  34025  33276  33450  32538  32165  31462  32177  
61440  61306  55492  46667  42876  38758  23751  34412  35709  35209  34993  33623  34293  33756  34130  32683  31862  
62464  61736  54058  47792  43294  41110  35710  37568  36260  22368  32583  34471  34260  32792  33061  32802  33323  
63488  65707  56578  47168  44784  40321  38906  37330  36848  36267  33924  34303  30552  31429  33975  33451  32801  
64512  59480  55704  49798  42008  42748  39355  38321  36117  38256  36171  35665  34272  34658  34644  33785  29800  
65536  62043  57116  49139  46418  41884  40589  38671  38705  37694  35807  35144  35908  34947  35322  35442  34670  