16     886    565    480    350    506    476    454    452    403    448    422    521    293    461    506    547    
32     583    542    444    571    489    555    519    457    499    442    487    457    486    502    484    424    
48     478    573    554    295    573    590    560    549    512    494    523    518    484    509    526    493    
64     493    567    500    529    513    528    372    568    513    475    397    561    504    601    569    580    
80     618    583    617    565    563    571    516    472    517    563    488    464    488    539    563    496    
96     597    342    579    541    524    565    583    573    558    537    488    566    530    607    489    448    
112    586    616    534    617    626    637    600    526    447    647    586    548    491    649    578    555    
128    646    638    631    614    553    609    613    411    636    552    538    577    536    520    270    337    
144    349    598    657    623    562    633    636    552    563    527    570    539    518    593    566    597    
160    695    641    543    611    539    346    544    685    658    591    669    526    514    658    531    542    
176    706    677    663    616    634    743    678    621    564    569    594    659    344    606    691    679    
192    675    693    690    612    661    663    757    637    618    648    529    598    614    624    589    586    
208    658    693    681    383    746    653    714    686    631    659    620    586    626    565    736    594    
224    652    753    623    636    742    704    696    639    677    735    409    787    754    700    731    668    
240    694    706    597    762    695    728    710    737    723    604    676    739    670    665    608    680    
256    750    608    597    688    777    749    773    652    712    751    652    576    764    757    672    570    
272    426    335    682    667    685    667    676    470    478    702    780    323    661    743    698    666    
288    990    792    692    740    768    687    743    761    738    700    686    717    713    755    377    724    
304    1205   698    755    804    676    774    792    817    680    742    753    686    657    686    723    775    
320    1269   722    807    685    758    408    673    847    769    780    734    707    777    719    694    613    
336    1016   743    721    768    707    771    772    678    653    693    709    710    461    826    758    823    
352    1138   778    734    787    714    776    748    725    679    746    684    709    790    713    659    687    
368    1133   822    868    515    834    800    786    772    754    754    739    717    716    818    788    739    
384    1251   796    863    748    801    740    810    727    762    700    529    888    835    685    722    771    
400    1195   819    812    751    790    769    818    755    733    776    697    703    660    779    788    813    
416    696    433    771    793    853    761    895    767    743    692    755    418    662    826    759    791    
432    1056   820    738    736    750    795    759    571    654    879    898    856    774    827    722    811    
448    1284   851    798    712    769    810    806    805    731    774    815    757    818    746    378    786    
464    1199   869    811    854    794    845    599    819    904    790    787    747    806    802    790    835    
480    1137   892    825    913    806    440    714    913    866    864    789    754    844    790    821    836    
496    1318   874    876    836    842    862    818    833    887    799    882    867    600    920    905    893    
512    1604   1285   836    821    839    843    851    847    798    867    799    784    849    831    785    788    
528    1524   1239   804    618    912    999    844    828    772    877    763    811    597    929    877    783    
544    1617   1174   934    817    889    875    850    861    841    537    764    968    928    885    868    916    
560    1688   1385   878    773    895    610    855    918    861    859    926    818    848    801    895    876    
576    922    873    933    918    842    890    908    892    904    869    852    842    806    927    887    877    
592    883    1395   879    886    915    906    732    654    929    926    1047   922    870    901    979    859    
608    1772   1326   872    926    846    867    812    922    868    889    840    871    829    876    694    915    
624    1554   1399   976    887    910    956    946    964    902    947    943    898    849    819    901    825    
640    1756   1286   909    903    450    958    472    1018   920    944    869    998    1032   981    911    976    
656    1278   1307   970    904    1046   863    953    919    509    941    1022   468    776    966    1007   978    
672    1675   1433   960    927    1008   891    1060   958    939    995    815    879    894    962    956    893    
688    1820   1348   651    910    947    1013   953    930    1007   975    933    906    880    992    894    964    
704    1791   1479   955    897    969    604    992    993    903    677    1112   1083   975    970    965    948    
720    1627   1422   928    1024   965    900    980    1005   947    901    941    961    1005   968    923    479    
736    1148   1539   1072   1030   1006   1028   1006   1017   953    753    1012   1047   993    971    1003   1005   
752    1789   1459   617    1086   1010   1025   546    808    1083   1089   1007   956    975    625    717    535    
768    1138   1143   1491   1059   1105   1090   1066   974    1008   1045   1077   939    1131   469    772    1125   
784    2065   1390   1444   1154   1146   1064   693    1084   988    1052   1016   1074   1011   1092   1044   1023   
800    1953   1368   1397   1132   532    849    1135   948    1078   1144   1040   903    1138   1038   1097   974    
816    1946   1565   1498   1047   1119   995    1112   1000   1016   1111   1152   587    1102   1101   1107   991    
832    2135   1524   1493   1164   975    1097   504    749    887    841    942    1148   1055   927    1175   980    
848    2151   1100   674    658    727    949    1062   517    907    1150   1181   1053   1113   869    1037   1038   
864    1567   944    1092   763    956    650    875    1155   1087   917    903    1085   1168   1103   1225   1089   
880    2157   1434   1528   1022   1115   1091   1117   1107   943    1119   1032   1077   1055   1144   1109   1097   
896    1058   1370   1427   1214   1076   1140   1135   1098   1150   1073   1119   1062   1116   1103   1130   1126   
912    2280   1605   1530   1045   1180   1082   1163   587    1013   1144   1058   1094   1145   1174   1112   1127   
928    2202   1527   1475   1153   1209   1049   1206   1062   1117   1137   1219   1152   1107   1141   709    1269   
944    2181   1578   1516   1098   1172   1144   1216   1112   491    458    581    1035   1151   1138   1226   1078   
960    1845   1636   1440   1056   1215   736    1266   1118   1178   1082   1236   1094   1191   1150   1244   1091   
976    2074   1587   1610   1104   1197   1141   1185   1200   1175   1214   1058   1190   744    1231   1243   1143   
992    2201   1606   1418   1142   1116   1190   1186   950    1112   1187   634    1084   923    708    1190   1165   
1008   2309   1573   759    606    480    775    1183   1185   1181   1114   1095   955    1150   1108   1186   916    
1024   2627   1845   1533   1443   1115   1285   1197   1073   1178   1013   782    1276   1189   1143   1153   1202   
