16        29300     
32        16804     
48        15901     
64        11554     
80        16496     
96        13283     
112       4046      
128       13684     
144       21537     
160       2858      
176       11175     
192       16584     
208       11777     
224       15555     
240       14087     
256       64714     
272       68051     
288       41059     
304       36502     
320       63473     
336       45754     
352       57964     
368       81863     
384       40345     
400       58610     
416       40494     
432       45809     
448       40334     
464       54153     
480       42108     
496       36283     
512       95281     
528       97865     
544       87112     
560       104791    
576       139520    
592       90464     
608       81136     
624       84674     
640       107078    
656       158472    
672       73727     
688       101907    
704       171906    
720       60973     
736       59672     
16        send: 0
send: 1
552475
32        send: 0
send: 1
513529
16        send: 0
send: 1
528421
