16        2625      
32        1412      
48        1287      
64        1670      
80        1460      
96        1949      
112       2216      
128       1275      
144       1831      
160       2139      
176       2110      
192       1285      
208       1368      
224       1402      
240       2331      
256       3602      
272       4707      
288       3489      
304       2837      
320       2754      
336       3444      
352       2827      
368       3476      
384       2815      
400       3460      
416       3772      
432       2653      
448       3073      
464       3488      
480       3409      
496       3365      
512       1988      
528       3452      
544       4411      
560       3927      
576       4905      
592       2310      
608       3106      
624       4834      
640       5299      
656       4480      
672       2389      
688       3649      
704       5242      
720       3501      
736       5213      
752       4373      
768       7339      
784       7929      
800       5455      
816       5737      
832       5880      
848       7648      
864       6955      
880       5651      
896       5878      
912       5487      
928       5809      
944       7868      
960       5664      
976       7588      
992       7408      
1008      4940      
1024      9591      
