16        17        
32        24        
48        30        
64        35        
80        39        
96        43        
112       47        
128       50        
144       53        
160       56        
176       59        
192       61        
208       64        
224       66        
240       68        
256       70        
272       73        
288       75        
304       76        
320       78        
336       80        
352       81        
368       83        
384       84        
400       86        
416       87        
432       89        
448       90        
464       91        
480       93        
496       94        
512       95        
528       96        
544       97        
560       99        
576       100       
592       101       
608       102       
624       103       
640       104       
656       105       
672       106       
688       107       
704       107       
720       108       
736       109       
752       110       
768       111       
784       112       
800       113       
816       113       
832       114       
848       115       
864       116       
880       117       
896       117       
912       118       
928       119       
944       120       
960       120       
976       121       
992       122       
1008      122       
1024      123       
